-0.05092341270411171, -0.020051634469059474, 0.012638977571179147, 0.31052184187422194, 0.1225183548234228, -0.17402997978590906, -0.0009663837213753785, 0.17220825265492712, -0.2593381999266609, -0.1902835377984674, -0.37092986086476165, -0.05448392623264022, 0.02075453330937039, 0.17147202180269022, -0.014097353921111003, -0.018135808020339768, 0.017311006450959968, 0.047367398521716474, -0.6421101145519988, 0.2690231929332516
0.03227044604092887, -0.034644969895146635, 0.1821310014185466, -0.08959267981249187, 0.26011012366831704, 0.2581738578797815, -0.16595225804361552, -0.15365067643619448, 0.0740690214933123, 0.06346958123806132, -0.010328404613585626, -0.0019237136191268959, 0.24337115980928595, -0.12587526569126797, -0.028871940243591368, -0.029095578537178406, -0.057976049839102255, -0.16160758897662958, -0.012773416921680521, -0.20918930215980272
0.19790346761822494, -0.0208404747187823, 0.49753067553566355, -0.5099665628562287, 0.5089836695708374, 0.8547600007130264, -0.38450841899606036, -0.7116232164819332, 0.44130500038499454, 0.4688776032345886, 0.698212559394535, 0.0628054087479683, 0.542861970773405, -0.43450239309841393, -0.046780238719262075, -0.016982882998948977, -0.13667795954287335, -0.35216539822369086, 0.8513311372106644, -0.7634617191771039
0.0048993320016808995, -0.03352113063015522, 0.014063254644597109, 0.17202200760335823, 0.1343566761901259, -0.3363440584937711, -0.04152274766474105, 0.2811248027398762, -0.20657252217630634, -0.3334040431935638, -0.17324644662354444, -0.04488042497305441, -0.04302248615218776, 0.13983338915232055, -0.027420895809670238, -0.01685542788060678, -0.00573222307173785, -0.011831125505234205, -0.52135873902449, 0.17699704727076554
0.009271195207388493, -0.017954085182861478, 0.13135304624977084, -0.06629288616935626, 0.13160036428364125, 0.10596558252752346, -0.152521804648143, 0.0007720371552464834, 0.04552084941246505, 0.022735246578899495, -0.09514605047368091, -0.01649445289888743, 0.1963671304565201, -0.07585288630106134, -0.03142415980818388, -0.0210761372950355, -0.03990141341238166, -0.15813595423947246, -0.08427886013605589, -0.11511070670717453
0.08694387475826217, -0.016687026846472133, 0.32311767396641, -0.30300034670487713, 0.2571799057040589, 0.7883699799437871, -0.34504459268468946, -0.48018704487557967, 0.2953475140819576, 0.5476026055540042, 0.26246736013703226, 0.0214539430767731, 0.4943969583435443, -0.25271527476483685, -0.0285191363813089, -0.02915593516984156, -0.06679670681438063, -0.30234904085341957, 0.5335780712187437, -0.5898477240780989
0.06462939156750236, -0.040614863478701656, 0.04501772204561254, 0.10393516718565632, 0.08225657937167553, -0.3990386550792698, -0.06632504457658947, 0.24962620902773353, -0.15146369595644033, -0.3790080683395746, 0.12371793541641299, -0.033786360881628084, -0.05263561037718592, 0.10165319058930251, -0.04020967683749138, -0.022937688970476232, -0.02601533973145633, -0.06342917636684155, -0.40887297992991417, 0.10912660488405347
0.013267572938541493, -0.023141118041291486, 0.09304913179115125, -0.1145460136882142, 0.05511281027964705, 0.04389352589359029, -0.14611365785307012, -0.014406996290998854, 0.03387244089026699, 0.027360965294683213, 0.01073914150343638, -0.002153976960820772, 0.17338643446440194, -0.072666299412174, -0.03183260263277436, -0.0230750507367798, -0.04668746462358675, -0.16908738951596358, -0.10476342109068677, -0.04869418089946635
0.0432311736414895, -0.027764094046762063, 0.1751978533056955, -0.30000967104655285, 0.0641317876196395, 0.7806751663307451, -0.2794009958415227, -0.4733690592137194, 0.22876310457607296, 0.5885124055799875, 0.08434755042198236, 0.02111042540888982, 0.5087560409037748, -0.20772599176061807, -0.025505436796036264, -0.025694113523094114, -0.06115537779017374, -0.275071597337113, 0.36177451965844437, -0.35803883688673255
0.01791366600835652, -0.030277966894007212, 0.009276128960190005, 0.09467221178724776, -0.04117083435075316, -0.301942614250731, -0.026869643205417237, 0.24253063834584762, -0.1653932013096979, -0.3152537783194298, 0.04509766087549119, -0.03825853160542327, -0.023321154434030877, 0.0820405275799568, -0.023961805982540788, -0.024538023929541453, -0.031000898417090427, -0.020191471469640662, -0.35466064274336967, 0.11347970340656774
-0.03810570640163163, -0.01687760505199612, 0.04269987569306654, -0.11819497900882447, -0.06766862697706469, 0.0966485567718658, -0.07346033330271153, -0.09967480503513809, 0.02816575050031951, 0.052329517505141206, -0.07417140526571098, -0.0022587933210279636, 0.19078120744375113, -0.1101225524745362, -0.030647430323728606, -0.038520011665248835, -0.04267825777129404, -0.10759601994020256, -0.08980299162034885, 0.030489686873532974
-0.04450894848472295, -0.02110385837478906, 0.03439047876936412, -0.2479351519687558, -0.09178079051315019, 0.7788187978997924, -0.1628731696066566, -0.515817486789308, 0.17386897830873602, 0.5600780982606077, -0.10985988658021785, 0.007938907612334687, 0.49622981256708826, -0.19330155299377014, -0.0339729162748999, -0.04041935487487614, -0.043207163114312865, -0.1666554770322329, 0.2779385019551838, -0.12624503133317744
0.0264860815047506, -0.03790363919451057, 0.021405805680063998, 0.1021404734118679, -0.11347372155410243, -0.32123467546170587, -0.016247818673712795, 0.17162158523469628, -0.17085384062893133, -0.35393176968613027, 0.0939529320200794, -0.027141972121281388, -0.04040987835827521, 0.07322049327232401, -0.034195856781826614, -0.03318594858141361, -0.03440666080124828, 0.0648554918817563, -0.341980569878551, 0.005467555541884126
-0.0623753784248736, -0.018434111587469177, -0.024663212860985363, -0.08960904985935005, -0.19376513988231975, 0.112380752817122, -0.0180149522123022, -0.14818646091895046, 0.014542534146583333, 0.011255236500150076, -0.0987077004831241, 0.0024163817187518684, 0.1820850076311487, -0.10329487399047335, -0.033046394795230305, -0.04143074788533458, -0.0402868789109567, -0.027411143401997882, -0.11176664591072036, 0.028925296882669194
-0.12073418394710472, -0.021935054008650763, -0.13285108120025285, -0.2220084804597801, -0.24824557341339762, 0.8147567045047214, -0.03131356719605652, -0.5105978911421876, 0.18959280150622007, 0.5595595986479176, -0.2258682039577287, 0.010340113295970373, 0.5165553625606185, -0.17824556339306122, -0.021294685447997872, -0.03398295464611212, -0.038587845052961006, -0.05916902759124602, 0.2462508072390381, 0.03166849076863286
0.04397604775514842, -0.03723341513894917, 0.05381206976677734, 0.05275482866280064, -0.1406499078572698, -0.3673373348276509, -0.03546870640029016, 0.1730238324335407, -0.1628293985539313, -0.43955916568688874, 0.17832831980367828, -0.03162803210684687, -0.031139727558922345, 0.08416881309493755, -0.024295184120639465, -0.023649469491114003, -0.0630587469931807, 0.05686412041770612, -0.336304083491863, -0.11671292145907113
-0.07283090724730194, -0.0193463963204256, -0.039990618171881, -0.11089114389309788, -0.1903523223140594, 0.04794228658894969, 0.020125411434889152, -0.10788035382774043, 0.04775780039399822, -0.039306859944411375, -0.022608841697141283, 0.003669850716582135, 0.180599592898863, -0.09803680539990091, -0.03652941067287069, -0.030819215543065544, -0.05397354503332933, 0.02236920177398857, -0.08568183450461668, -0.008564795922405112
-0.1755172389853417, -0.0027538070326375004, -0.23709943403063477, -0.156918378150893, -0.26557858942716533, 0.7490895975720206, 0.06007700026521259, -0.417212822801327, 0.19330414914217603, 0.591121235871343, -0.2745594943399789, 0.034880886459333654, 0.49363683992677276, -0.14464791470399205, -0.016898395219110192, -0.01936985974284034, -0.042913049200395445, 0.04417188796979228, 0.22981528991200692, 0.14688585794948178
0.09742847629842238, -0.03851385531456017, -0.050823191056292065, -0.02550582732075628, -0.10807109084841929, -0.31990602102673066, -0.06089252090568603, 0.18421671025692063, -0.12482227896790334, -0.5648199465842683, 0.34248232062202344, -0.016916294792572322, -0.028937855599412015, 0.06013475728505474, -0.037295514935167244, -0.01947927829478119, -0.08887009084332356, 0.04309764105898775, -0.30541949712797717, -0.24214232481709508
-0.054907263010322005, -0.025449176464217075, -0.14245564930124083, -0.0545501468428604, -0.16800926795119747, 0.04900354849804705, 0.07535601246296678, -0.0960196782391141, 0.007906841356719353, -0.05257199170578065, 0.01138096015713102, -0.009280329795236074, 0.15206665526389557, -0.09094531692616437, -0.024640881266995186, -0.030713771540843666, -0.041814818479365266, 0.09273896944422885, -0.12823457009460243, 0.052654850452168396
-0.22858958562462123, -0.0094359990163649, -0.3856204404974517, -0.040587865373411705, -0.2808897991980188, 0.7061000293148906, 0.25872477672127414, -0.43811203874275234, 0.13732020389113866, 0.7263553042421451, -0.36821595435620236, 0.018917017435126072, 0.44776813414287103, -0.16822166180825973, 0.005270230127600643, -0.01364157099513045, -0.005410254766845245, 0.20809046189768554, 0.18733803146298628, 0.4937993066082045
0.13015984059737307, -0.021926902430426498, -0.13708850985926307, -0.06192116871903305, -0.09781732182410714, -0.15200873029701004, -0.12064353523138935, 0.17756542316911705, -0.064830128747909, -0.6539746621313145, 0.4521453866814831, -0.011347244939277107, 0.06933742141769632, 0.06848397141377666, -0.02950305295068295, -0.02294851671045872, -0.0991530062272848, -0.022770447292846944, -0.22397258978773651, -0.4005077388107333
-0.08550815024263043, -0.011244671095134101, -0.20885925138325642, 0.00989881100540974, -0.19569280274798184, 0.18403777775749916, 0.1761786807522154, -0.2703061216211204, -0.010603527661274906, 0.07809965143219937, -0.13135452923310417, -0.006096869519568791, 0.2117347841461778, -0.115821185250737, -0.006938872656693117, -0.026066269116610103, -0.029244612856414887, 0.15734890645059765, -0.15986406807609807, 0.14730383274704617
-0.35664156925464097, -0.010163774884918859, -0.4347910568798437, 0.08947405758014375, -0.34160819497367867, 0.7677728022636021, 0.5427486400815101, -0.8147521882988886, 0.05076907461490304, 1.0972245351168517, -0.7289641038820315, -0.0035308507513012854, 0.46569559127870713, -0.24000100875808708, 0.013315609844841375, -0.03807992610111616, 0.05791875009043453, 0.39969209523539573, 0.1122659971248285, 0.919243195202258
-0.1474704358030659, -0.03366520202874714, -0.11362495712308678, 0.26006344105211526, 0.015079603737912107, -0.06803666161779393, 0.02721112758441508, 0.18516775153572929, -0.16936025347580588, -0.08814261271496777, -0.5118309293799693, -0.05830030400776715, 0.03317554729807917, 0.09766874449503073, -0.022474451425272376, -0.024734295457702407, 0.04494755875274499, 0.051374612363841436, -0.46245082022767653, 0.2351438142431146
0.010753442495998121, -0.02638770930223194, 0.09462738609364524, 0.0003575492416556416, 0.1748174720668725, 0.1644202093780596, -0.1189129504473387, -0.0765967979585231, 0.03598308513691618, -0.03218211114954067, -0.03985611896532145, -0.01933511555990955, 0.08661918401049025, -0.09094069966590768, -0.024435504648072915, -0.026653225827549115, -0.015153108340497412, -0.09190239117656819, -0.0373178129151271, -0.08697764528151875
0.23283604553083467, -0.01714180488341739, 0.455986263049186, -0.22121165998927514, 0.4605840582906555, 0.4623971231125611, -0.2797607259679634, -0.5469603806474338, 0.21837239929140606, 0.18088802692052536, 0.6955743660520741, 0.017097667208395617, 0.18825780723274108, -0.26559631119576305, -0.04017994639012446, -0.011706935468397746, -0.0838235219191003, -0.18015197460999519, 0.5654713231687027, -0.4830195209780748
-0.0886848053822959, -0.030951121829644792, -0.11689759357247352, 0.04369224922178077, 0.05542105272864055, -0.193221675883229, 0.008658024317306272, 0.21848688068622066, -0.058547531365310775, -0.15900190592443988, -0.2664144451901889, -0.027580769366426724, 0.04977298093345693, 0.0157423799026965, -0.01566738208440666, -0.014229863435199738, -0.01930282558181041, -0.010758206690101323, -0.23189648896284032, 0.18911103975341334
0.009006550969053949, -0.019391970623546712, 0.03775446655726893, -0.011483944378042742, 0.09198699458033464, -0.016492700326615126, -0.07446511221605362, 0.041300193388449195, 0.01614952419005055, -0.03121303545961601, -0.09244454591869632, -0.01984152402751457, 0.05802467702780639, -0.029423138298709156, -0.024520924838144772, -0.014671615309675659, -0.013102711216678154, -0.07997992194729171, -0.08193688473544164, 0.023670983945492795
0.14867250355135736, -0.029161571282780237, 0.26261474862528905, -0.04627087703002325, 0.2160178345901527, 0.3223485351125177, -0.217116008834209, -0.3131780808909796, 0.071867663535167, 0.2419357167883006, 0.3091096046908806, -0.023759072569260506, 0.14861423254907147, -0.07808359796600806, -0.029709678623634602, -0.022124861040764242, -0.021869869102116964, -0.12335614489936965, 0.24802732234566138, -0.27008816899979227
-0.059105232447128196, -0.0237397136648863, -0.17161109478684533, 0.008337362417821131, -0.03539557407461027, -0.2895356699238194, 0.027480168506718288, 0.233914149703452, -0.046625842967341825, -0.1372646463544556, -0.10898941306903201, -0.028731153240249014, 0.016694044505757104, 0.027822324759905037, -0.020292670582528153, -0.019786344995378496, -0.02338232727194072, -0.031658735676333906, -0.15279191457276306, 0.17315630095054696
0.00046787579985049397, -0.02527178367884343, -0.03460436207086254, -0.034288053168883496, -0.01734767324206886, -0.12064780142954447, -0.043046669743006034, 0.05449367970056735, 0.0005615235384946516, -0.030156157010447472, -0.04929151207007441, -0.018348197046021003, 0.030149172230611344, -0.029198928341137263, -0.030926740756333927, -0.02718667236013744, -0.01888903068103395, -0.0785672447687302, -0.09974171110023804, 0.11301453419693121
0.09570932200661075, -0.024390881970888158, 0.08852181972545599, -0.04910116568672217, 0.03549877141518235, 0.2952588830378643, -0.14547965726378695, -0.27951114794062093, 0.049889414033895726, 0.25620837444075717, 0.151501316911544, -0.026583057539680367, 0.1526977247394146, -0.02342379998213299, -0.021081697774498108, -0.027427542799566725, -0.005467131577346257, -0.1170507826894866, 0.13445236158975263, -0.11947419911082464
-0.034477672723200264, -0.03239737630962351, -0.08869567084943665, 0.022176706939401755, -0.05009790700035851, -0.22326608272285722, -0.0038542449976726213, 0.19277711518938576, -0.062017448059929196, -0.13217899095568073, -0.013127728602910694, -0.024029497647427206, 0.015959908791615126, 0.01614011091031438, -0.030507728199622518, -0.01980774391194224, -0.053230089920047206, -0.022697707076727698, -0.1309092568701312, 0.07272029486644799
-0.002091946898615712, -0.03546189691089004, -0.05059347640851055, -0.04573218985067137, -0.07598233139126273, -0.03527798780733306, -0.05980470793265552, 0.037904192726177656, 0.004583690405817373, -0.07603295013888303, 0.01355410967309881, -0.02378700508374581, 0.05714808018234707, -0.043175321836605884, -0.03985123458477021, -0.026696369446907158, -0.04272369578805794, -0.09108825821816063, -0.09184910289366881, 0.031319616243702
0.0667693211415641, -0.020183442002358717, 0.0066397628439782575, -0.024593653688709995, -0.06525862045902123, 0.334646913775182, -0.12925864770801493, -0.26920475271906713, 0.0119214399425708, 0.13331038198050288, 0.09509652024116759, -0.030344969391777662, 0.15951674947728955, 0.01265900652113821, -0.035129984907507315, -0.018683775676827736, -0.03374713889696813, -0.09415952986805408, 0.053718653907559914, -0.028928107593771644
-0.03880022285129032, -0.029720101582636427, 0.039574427863018326, -0.030219804307420817, -0.07484536109364612, -0.2215983658588414, 0.0005074994049782344, 0.10316884156434587, -0.0467026045765352, -0.13234231070680208, 0.0029952738843924496, -0.0321849032472597, 0.025480491087807536, -0.025960760319722578, -0.026675406961739024, -0.035138485328832, -0.052389855998701336, 0.008217566343972516, -0.09467407074061815, -0.08756723171430056
-0.027983775440632682, -0.03445110710484172, 0.007936555646304772, -0.06372551867077271, -0.13562498994898894, -0.01908909590094824, -0.019589793801712625, -0.037394977282371726, 0.01806910515852228, -0.05487628579556915, -0.0238234464306419, -0.006883606008195185, 0.08764859811123299, -0.07351633595752266, -0.033023725187672964, -0.02610775586668109, -0.05865253788846623, -0.04754410466852819, -0.061345049698988414, -0.06401159766852348
0.008210142405693809, -0.030303454366907078, -0.032889343779401316, -0.09699481407249234, -0.1139006303444805, 0.343017846028743, -0.046313822841243184, -0.31903488428978544, 0.0794181456644528, 0.09665676462974007, 0.06480428331458778, 0.00037001636778184266, 0.1966842133268876, -0.04202446408088908, -0.02750300400224431, -0.012392760996518176, -0.05585235324334713, -0.033445346288431266, 0.08700084499581397, 0.00900047318530339
-0.03358786908370825, -0.030322304286356374, 0.08316487259938028, 0.02237366327596331, -0.1321866812469299, -0.2996923079171357, -0.029615378542736062, 0.12554209012731224, -0.07006708105887659, -0.12117117264017342, -0.03579499934370444, -0.02653456903444101, 0.026542852074015487, -0.007524716005927617, -0.018727804658588296, -0.034522896333068695, -0.03524110418094112, 0.04169046599791791, -0.16465125947666934, -0.17384334416436636
-0.03829594620864748, -0.019322692799877313, 0.006642256299860973, -0.04092813194305128, -0.12648875367385276, -0.09513295118515502, -0.004608188160072347, -0.010332342246721245, 0.010934430662032712, -0.07980003580375508, -0.014262282537900982, -0.00607446397157733, 0.056876467397458996, -0.06275605023316316, -0.029369253228466154, -0.016710779823455504, -0.041827326668875744, 0.02798253441735526, -0.08230962904365534, -0.07341287750639136
-0.04437180727432188, -0.02123468496802717, -0.11169472412801551, 0.0023613369543076233, -0.10995424538394645, 0.28176000604692164, 0.027154008810565747, -0.2571157140254543, 0.044545410313667905, 0.16140137668306634, -0.012223965785269013, -0.00027682240814051783, 0.1692222027443663, -0.05540273303052685, -0.02186647026258519, -0.005620787262603154, -0.04477494190904766, 0.07258730791556049, 0.0781407691928136, 0.14287854307858067
0.038787224720637725, -0.027657939093497935, 0.022764183895658277, -0.05561822774536747, -0.08167006941294627, -0.22324060689566572, -0.08198787515698203, 0.10976858176172782, -0.03239334227841516, -0.2842703535547455, 0.14748236825024494, -0.018031568450114138, 0.06122977132757261, -0.03111194306578409, -0.025243599152775444, -0.024792709276807493, -0.0672950198816134, -0.008356249460402098, -0.14843026987579688, -0.3441784451073807
-0.017911125374433266, -0.017592587554373533, -0.0718612388565305, 0.006144324897451225, -0.09473923045317849, -0.025091483706780302, 0.025837017736149676, -0.029791522458836643, 0.0024881778212099376, -0.11543962847563821, 0.05640952816151056, -0.004124757694605076, 0.07813823844489831, -0.07802572267063423, -0.02172393833580352, -0.01485209109438016, -0.04250355883949812, 0.07228119305723418, -0.13352754291519725, -0.07895297522249325
-0.10136312952075122, -0.008862650274204053, -0.2717613817588399, 0.0966781962302048, -0.13693731763648606, 0.3478921343694394, 0.18316400322486598, -0.29976533467483546, 0.0243348390902491, 0.309522849924559, -0.11182736655637007, 0.010399942162084282, 0.21296780397803106, -0.07860360015985932, -0.00990924903766462, -0.009327766387622454, -0.009227803310971998, 0.2190435740782427, 0.06136988184690456, 0.38285764645401604
0.09176254334276575, -0.019383343080682337, -0.042718687325310194, -0.15299161016684723, -0.026412812760349836, -0.0719469911986922, -0.19310081159842543, 0.06560924259793068, 0.061838671113073354, -0.4998515095607506, 0.3585170878112855, -0.0005610354280383663, 0.09105269693734247, -0.04933971033578769, -0.03754683802180485, -0.019980481438080625, -0.10767355314749158, -0.10922342371309128, -0.06922544673075666, -0.5368518781078293
-0.051633560010319914, -0.02333659000774909, -0.12261017636189502, 0.05695648262257846, -0.09299565873926893, 0.051884483393070245, 0.08063785480261662, -0.2107122267655007, 0.004069962285649937, -0.03318843551678321, -0.07397270971283461, -0.030217888882421037, 0.08709642273382402, -0.11516316432171374, -0.008683595195155066, -0.026360203766365217, -0.036360300835582685, 0.10485156664398086, -0.14953593046291924, 0.025946667777269856
-0.22452235213391472, -0.018263272032403664, -0.33827954593315995, 0.23631768058532823, -0.180983645338082, 0.40517016745652185, 0.4974049571222876, -0.6780279384638129, -0.04798416621655836, 0.6977540202413588, -0.5065326944117564, -0.020335310226296262, 0.199642604756121, -0.154497430142799, 0.019702929416191443, -0.023963120463825767, 0.05525689557999633, 0.4288043126031759, -0.031579276748731545, 0.8674621643788551
-0.18247521328883817, -0.0152932658640887, -0.17421075652554033, 0.16189142086317512, -0.02231740781889369, -0.04637609830298611, 0.03157202472976203, 0.1363294928262349, -0.10322246008800227, 0.05949011196640541, -0.549373147275848, -0.04285059575805187, -0.0002382813826821437, 0.027875476488056876, -0.023396479077751973, -0.028571196833857553, 0.02492467620176031, 0.033965013424143084, -0.2954084291523121, 0.22125002354521742
0.015174378659135323, -0.018821784298781914, 0.04936161010973314, -0.010098489614267946, 0.17256443801555182, 0.031049882976370558, -0.09672125314563171, -0.06361603651045794, 0.02740473338854237, -0.04770501947540444, -0.02087978184654305, -0.027560109234577832, -0.026056658167450873, -0.09253170341889685, -0.039598321410087296, -0.023393479641818538, -0.02588774849593149, -0.08392561091124938, 0.0010675353850936955, -0.11076527001961467
0.26540188523012853, -0.02906239122589627, 0.4333968209618078, -0.14502679080507944, 0.46917195568544506, 0.10616627680302146, -0.24966206800397303, -0.4130485306370552, 0.11701550044036992, -0.01027043205675038, 0.7431861739173785, -0.0005604579872211318, -0.025235641779963684, -0.21134158644432446, -0.02998282977964785, 0.006162818127560269, -0.07818394131772555, -0.1330151849373357, 0.4504263527332163, -0.4936461358055238
-0.1382965506927401, -0.017537979127097314, -0.18181674886423282, -0.04172626258989839, 0.026908849228844286, -0.11308889581879406, 0.02107809057964218, 0.09926339777159883, 0.005579476563466315, 0.022711802895902376, -0.29518858890993155, -0.03152053938487405, 0.0397123043661633, -0.06212930431255138, -0.028350553394309783, -0.03747059154909024, -0.03058765298375553, -0.02457888203809236, -0.0718339489284272, 0.19415775711092775
0.003960287084596149, -0.030264924481453667, -0.045886285290129225, -0.020776358613470682, 0.06904729198131922, -0.055937097053779604, -0.0759075793522133, 0.027999469165386745, 0.01798195759808844, -0.011054330277983191, -0.12115919410880163, -0.03789677762084439, -0.02194156771263839, -0.0572362310102916, -0.027518944173622925, -0.013407538619294291, -0.012046363292508586, -0.06471907956421359, -0.028870196236852365, 0.018871746623607005
0.1477843107728466, -0.029392350556795017, 0.2006753674338775, 0.06747501056125287, 0.18414792857558956, 0.07208869203511029, -0.18973406276895652, -0.11362416038834056, 0.006569270933352233, 0.11055195308261122, 0.2236798164630778, -0.04603335878653708, -0.04086260655372441, -0.026719288312926436, -0.02839562703808972, -0.015419991595959836, 0.006417748802328207, -0.0800441424188531, 0.14701144318475584, -0.27518182327821095
-0.06886010564321063, -0.028693535111389598, -0.1645231466465586, -0.052382038072686606, -0.007091613643588799, -0.14279396846364412, -0.018100356425884586, 0.1060473229755831, 0.01532973004657815, -0.030743607563964326, -0.08165518569192957, -0.029748380408250147, 0.027602226609441578, -0.06014464593650117, -0.025419168256274945, -0.023077827717645404, -0.04175801964792938, -0.055524956660645684, -0.026647580040973253, 0.12470336202582083
0.020007617204335637, -0.02736060217688602, -0.05583419132593977, -0.045581861498726305, -0.006868333428871366, -0.11111168055778052, -0.08855174052535487, 0.03905393815396503, 0.015246305828714843, -0.05809347096569934, 0.0010137434081033978, -0.03145204658877718, -0.04187796288850678, -0.052610408935193774, -0.028933829191082013, -0.020552622366864268, -0.03287598085388049, -0.08944295249139286, -0.037948373632690414, 0.05695691859709898
0.09024951666570052, -0.01390497904186586, 0.07344971911156552, 0.03459582576897803, 0.021438226297078106, 0.05183451320490343, -0.14520102387024753, -0.13917283577444675, -0.006806749430650992, 0.10150639753078881, 0.08210860815104976, -0.04162813302537098, -0.009271817553567778, -0.011877599803458637, -0.02769831300961368, -0.013930118661014398, 0.008479621875368748, -0.09784638103386113, 0.06779807687581042, -0.10669868044213922
-0.06742539889275023, -0.03762574658199588, -0.10368239393672672, -0.04004753480444608, -0.07385155207583205, -0.11910543870510279, 0.0033594367380222518, 0.0327944764052148, 0.019050976884871035, -0.016433162012408627, -0.0720147286125086, -0.03226459422444114, 0.039921277333962266, -0.07980140766761011, -0.04527935946869592, -0.03638908203855495, -0.04954107983051825, -0.023550311200455094, -0.040390572311459705, 0.09330937377939705
-0.032655567412097686, -0.023613623597149257, -0.06904193756730054, -0.03745503103957663, -0.12165709442085575, -0.041771388640057514, -0.0776022353752065, 0.008672270298479607, 0.014995757677780866, -0.039005041206455385, -0.06371344576942436, -0.028290960055442068, 0.003274825321295623, -0.07639267887165697, -0.029030168603400425, -0.018399758439624762, -0.040750794354705376, -0.09314867408615858, -0.05919385791032785, 0.03384443632100007
0.0009981123945099354, -0.016824749097966704, -0.012505007613957866, 0.036459765958496516, -0.13731900463507118, 0.1114802907763481, -0.09211168332926167, -0.15776823874976537, -0.017659334880578147, 0.07865927982852601, -0.0986288422301323, -0.037076269125801475, 0.03198544968709786, -0.02919617903978941, -0.016800056254367753, -0.027163955987661453, -0.0028973021220596758, -0.07739985819380496, -0.02050262656776305, -0.013652453910236189
-0.05914505942825792, -0.04025344360562549, 0.0011550252186630868, -0.017839235238401762, -0.09979782992406062, -0.20215354519177203, 0.017568993495508826, 0.005456697732879823, -0.013863724790959325, -0.030431452462825314, -0.05150815986001548, -0.02816606421467605, 0.0109524009178027, -0.08306736477932736, -0.03701800554186578, -0.04732564745657944, -0.06658652585487278, 0.008227896383305849, -0.012601006887927322, -0.04214947538904165
-0.04772442204681777, -0.02586580783858107, -0.026737621854227064, -0.01665814131921666, -0.1380979630950863, -0.07130934959698818, -0.025462548614885963, -0.05601082326952418, 0.012289307632819485, -0.07956000780849318, -0.0287117668243509, -0.017555929914201764, -0.016450561782438398, -0.0936641708708329, -0.038306094305769964, -0.03268103932266529, -0.03738105689217082, -0.03989902124484156, -0.01557324310455682, -0.030984502664051346
-0.003958502343390932, -0.01724108492095889, -0.08049205719721177, 0.04386093405687848, -0.12957827653261034, 0.07905217514521214, -0.03910119894953726, -0.16100909794098928, -0.015997328043577015, -0.06659731833756617, -0.01972039614771191, -0.010718057754110836, 0.011164797020994474, -0.027617712282379813, -0.021841139386993703, -0.0066779961518761265, -0.03152013090046991, -0.026561341742767915, 0.03250079397977687, 0.03840000062086478
-0.03627577254512232, -0.044086091301712996, 0.09015662774581687, -0.02906269720222542, -0.1009110033478964, -0.20484415446121038, -0.041917593107270015, 0.0491414153917717, -0.024718948030471564, -0.019903486902424494, 0.011996654304291667, -0.030742990177271726, 0.0027552929137474418, -0.0659653855653821, -0.026360084805829343, -0.029649024883132605, -0.06609091441288492, 0.003828385707737319, -0.041358478642680586, -0.2166672590540462
-0.03336400746285817, -0.031147242469565798, 0.019098355316018837, -0.04029182966514045, -0.09971787033161032, -0.08170023524453134, -0.03334630833710992, -0.0011333792673006266, 0.021172783704186106, -0.045999364861852805, -0.001839841053720542, -0.018950643357227993, 0.0012301479781313457, -0.11434291175531668, -0.04259991434486796, -0.02157796216175699, -0.06555942560929455, -0.01479403593919466, -0.01474901311785335, -0.144518074121375
-0.040236638193235384, -0.017892335891540545, -0.12274269270799748, 0.06624294860966334, -0.09361888492623914, 0.10463694264730419, 0.043244011851166574, -0.12640709320175, -0.007986536720115449, 0.0514259741074313, -0.04536596245604708, -0.0025217630697406085, 0.01626471465935197, -0.06154417000058479, -0.0160540971901511, -0.004066950546304105, -0.0292209939984699, 0.06368291382967832, 0.04565138238136684, 0.09372949940265134
0.0551004232393057, -0.03971853909423123, 0.07431096168799234, -0.06919802608616786, -0.028606560679273904, -0.24369496982232897, -0.12914832938361806, 0.1299799193201595, -0.01662502822520478, -0.14338475363971132, 0.15819395826132943, -0.032150608058253635, -0.010912971817009105, -0.04147873642197572, -0.02519494815514473, -0.035387989577106316, -0.07737974474266296, -0.02431545105067246, -0.06116456686667022, -0.38068140814014834
0.006663321115925445, -0.013872025571253244, -0.0462277530397671, 0.013527663742809604, -0.057588641482858666, -0.11562281012581709, -0.0280248273910394, 0.06694972984811161, 0.0007775808038600156, -0.08047868103285913, 0.027248542423699777, -0.010568723925170196, -0.02125975204071529, -0.07359988598505966, -0.023252573663441616, -0.024674269680317183, -0.05301584860604661, 0.024802377337692104, -0.08528243210438352, -0.13813641032417154
-0.07554699341708616, -0.01271878996870262, -0.2826463634583016, 0.14907037322526442, -0.08888810763347678, 0.09630042746835929, 0.1808477244128591, -0.1478565707559861, -0.023935409424035044, 0.16818552676196402, -0.11123273641926391, -0.01436318764801454, 0.024734396811847043, -0.06284075955308238, 0.0008471592303192438, -0.0063519077458707674, -0.020647321279382784, 0.1872143144593289, 0.028716979331885387, 0.34373701662204564
0.05279277593251689, -0.028212671147729303, -0.03314506394415558, -0.24411467253839658, -0.010672629433517534, 0.005586439718945122, -0.22864886261359077, 0.011412136033579396, 0.10190430293129217, -0.3407580563506516, 0.3017620735988962, 0.000633739673985263, 0.07872582326536813, -0.1546045799630755, -0.029987445381664878, -0.030167527201463713, -0.11475481596969718, -0.13064846218779333, 0.11498970970723994, -0.5289468727663721
-0.04409636399329787, -0.0249117846834669, -0.1287037832620407, 0.04129474288100798, -0.0896157022865265, 0.020296693378321806, 0.052157311613573405, -0.15403644406065323, -0.0015246480238018517, -0.019802905600038587, -0.09676250638838982, -0.03298767910748153, 0.0047203858142359015, -0.1402947154593488, -0.004677898495173526, -0.0298072391820045, -0.0262108018664598, 0.0862086488306153, -0.05471899115685851, 0.009118910597622383
-0.18465002872457012, -0.007479839143982393, -0.351090892250747, 0.3106366930979801, -0.14420715081419966, 0.14200798582465976, 0.47507541518299795, -0.4630242246242133, -0.13328053830445044, 0.48666335614393796, -0.48799018037219977, -0.037608548533380734, 0.013771099953188247, -0.1234064075168591, 0.015642263933524986, -0.009842815482651588, 0.051594704982150276, 0.42353031252894013, -0.06210299062646532, 0.8750862225919989
-0.21817058883803775, -0.01703795587146042, -0.1512823537746768, 0.12928831554546252, 0.006025455120243725, -0.0046294818403128475, 0.02066933951724387, 0.05744180244609814, -0.06800373449403292, 0.13040963144703788, -0.533453168333038, -0.027955277014602084, -0.00030673883602340765, 0.011239375155604277, -0.014015811191761138, -0.017444854624971702, 0.0027094207692515498, 0.024843700279647735, -0.22405625695308634, 0.21567817223137276
-0.012290354427982094, -0.017916037735496753, 0.07593444672822537, -0.0278536622683981, 0.20887892470319067, 0.004473809663776234, -0.10460556480606842, -0.13655044530604654, 0.06211637116056882, -0.019465653990680593, -0.034135504981559435, -0.002699676505569336, -0.08423192581797377, -0.11815935427303059, -0.0395462149664384, -0.02015394560081328, -0.04502292496027223, -0.10471109236849695, 0.10413696218416738, -0.1503246274442859
0.2528848645051602, -0.01563870286230261, 0.44094679807637044, -0.0643154026719135, 0.504059393972112, -0.06220585918792534, -0.2778084244901823, -0.33230280436649184, 0.10504692716147093, -0.08844495295533049, 0.7148818871634829, 0.008723837958448416, -0.13511340120084805, -0.17540401323537208, -0.028677239885674097, -0.003983629390561088, -0.059094605527498845, -0.1367347082968679, 0.4777132215781317, -0.5713876414677298
-0.1033065173778578, -0.03575373042643669, -0.18182196333017842, -0.009270412133111907, 0.05417839775153789, -0.033358980976605966, -0.017459291340386346, 0.10057518803170577, 0.008605252887748443, -0.03130703109831677, -0.22235717936927796, -0.02723316944769031, 0.012609176726313464, -0.042007310915348164, -0.03135700998950137, -0.03530160979633733, -0.02156532871171604, -0.02594548779474276, -0.09436122831491033, 0.2142336748859
0.004967374843715841, -0.029321326057523824, -0.006226323605053011, -0.008000017516313317, 0.10642801705599904, -0.05025800156257018, -0.07938549674404755, -0.02826801858247667, 0.02868738859239674, -0.07884969620879059, -0.09370017033670042, -0.02347694438805331, -0.09116705915908843, -0.08143340296995295, -0.0288486101520258, -0.010569917080393013, -0.02618393464580758, -0.06977550159868569, 0.025801589410276396, 0.01159882632974514
0.15307563379091882, -0.013446380227948912, 0.2218085777109832, 0.1387542439214087, 0.2277220162812818, -0.03411658577991422, -0.21012503270825353, -0.08872166042719952, -0.02887933149050625, -0.03963158332389129, 0.17633776275833174, -0.03460233046173008, -0.14260574135187581, -0.009653205719993342, -0.025015506634666437, -0.02048631164316658, 0.014900084951206281, -0.06710781209865276, 0.13132833318719325, -0.297494900404395
-0.059611656985650366, -0.03535859366044472, -0.18638892436210522, -0.04986684219174948, -0.0204677715643896, 0.0476508746370966, -0.06591993865502893, 0.018570043359639413, 0.04527552187564766, -0.004380763929265869, -0.06928749781808395, -0.029564297713451728, 0.02227026679938664, -0.06631104182835719, -0.0410793683536429, -0.039007706751216, -0.06059702882558332, -0.07823564021245649, -0.037893395491112244, 0.09715024957408042
-0.007200751258261586, -0.02275910141819105, -0.05517912115455363, -0.014263678283743102, 0.0028294218408661223, -0.0129250373161293, -0.08665875183662053, -0.05536119049325498, 0.002397887498158981, -0.04752643402860678, -0.05138066793880906, -0.03420786553122328, -0.0725300723545964, -0.08486021735460496, -0.04005894665379499, -0.03327682233498449, -0.028299901518322883, -0.10149364612845566, -0.019457443672560075, 0.03629878295323476
0.05102130471673545, -0.01816280824371968, 0.0841990623447679, 0.09220899344608732, 0.041647371748357795, -0.0019576356665453785, -0.1340024860132625, -0.16439532497459855, -0.05404050322407794, 0.026883225256673852, -0.023031171221911593, -0.04484350934898621, -0.11776068419726378, -0.050053796350449986, -0.02242534472740536, -0.014754578613472073, 0.018223263325997014, -0.07774503985494416, 0.027325744322858305, -0.11266754195949147
-0.04368682057013115, -0.03893062091257901, -0.11133961937948723, -0.04564204998480924, -0.07493202316016391, 0.0077057480499278285, -0.06604820852456725, -0.053624599821034596, 0.04689317086420139, -0.023765899886993392, 0.000825927463366525, -0.03596446610431513, 0.03866214599292964, -0.10943830063758547, -0.04615660102604064, -0.03668447215619051, -0.07920386538329843, -0.09100461090703864, -0.016523503866668465, -0.02017081746351546
-0.033172904940306266, -0.03187196871503028, -0.037411311543462014, -0.05438746065826361, -0.08579311756367201, 0.0022908417196850985, -0.10223305663081553, -0.07408801502260964, 0.026352892610431326, -0.04328436296225293, -0.029978591948182486, -0.033093778567320146, -0.035442440463845176, -0.13268690415152024, -0.04712132134377543, -0.02973097776251578, -0.03675689772725287, -0.1371505392200179, -0.02976245485462589, -0.06558637369786458
-0.032563058500373554, -0.020042452506794463, 0.032505423657163586, -0.015346403698209802, -0.09325906951718328, 0.05114591911834323, -0.112776015398189, -0.13839148669367077, -0.0040966747532153866, 0.02576528188384031, -0.12990366886825203, -0.026537805976209496, -0.053926773112725306, -0.10152474691326262, -0.027512479161095657, -0.024711298089517896, -0.004779989650528858, -0.11990632532240628, 0.009340775680446377, -0.12639926338829036
-0.09300204536986552, -0.03441087528931533, -0.022402635262478328, -0.034101370994203475, -0.14473624102288657, -0.08519893713341037, 0.028690326003676124, -0.045927310754083406, 0.013413809549196814, 0.014789525891316218, -0.05954253629529289, -0.038834251415564174, -0.03304444345448283, -0.09895519410328799, -0.035296330313923256, -0.052849608270267676, -0.0519453092651451, 0.014909188332618116, 0.008262516293862349, -0.06203730186272245
-0.07360251804159584, -0.026036700589926857, 0.008288084576123143, -0.008953005118574312, -0.14369418826631125, -0.06071893209585573, 0.01098675917566669, -0.11432710658847778, 0.005697511155887454, -0.04789712126281689, -0.07720579076930392, -0.03444507631830144, -0.08671243072906101, -0.12095534609087447, -0.027993748896295145, -0.03262191729942428, -0.026424129622207148, -0.038505047356065185, -0.009044433796532015, -0.006207494687225876
-0.0551629523898558, -0.031179967070593943, -0.01331711456225869, 0.046738646021947564, -0.14026460102008853, -0.037589149393990225, 0.02766885666867062, -0.18270619682189057, -0.043702427326892744, -0.060644425730600936, -0.13440186701372853, -0.019177477697663977, -0.12679881042082897, -0.08310297681369472, -0.0189940372883568, -0.022472582628017594, -0.018731761027208554, -0.01633166341033786, -0.03152733519461121, 0.07067192893908222
-0.035235347069610116, -0.04560771436183072, 0.03229726532528202, -0.006085632264279168, -0.12481500995242528, -0.1071470723228414, -0.016255149384545108, 0.04057079044873, -0.01354233288826681, -0.01839758073003627, 0.02106433496754881, -0.05211114208058994, -0.055058739786507445, -0.03751199695778855, -0.03684012004840398, -0.04428045898886574, -0.04198709563260693, 0.018006325015087588, -0.04191069038172403, -0.17930793188527894
-0.050201511903910694, -0.03087759696230449, 0.030163814221945393, 0.009894446801235794, -0.11771080387663949, -0.1188478779378156, 0.01531060654575111, -0.03628979828731789, 0.0010100395255285498, -0.05483216709832149, -0.038086145123790806, -0.03780404472104008, -0.11825288617524365, -0.10194508682740352, -0.02543805744966793, -0.024619904088743073, -0.04283835314530237, 0.017113554067304318, -0.03367284153971144, -0.08626302173683928
-0.046245289752024785, -0.017196071810766277, -0.11739021560373221, 0.10240861585573083, -0.10813137719592109, -0.08946528533602226, 0.08374685126016293, -0.0599412944659538, -0.03510391588982112, -0.03793409667214855, -0.06166166604458642, -0.012071308238367391, -0.13643999441164445, -0.05476127403907576, -0.012565591948230107, -0.013409743831488161, -0.03114775365270031, 0.08441416724835141, 0.006285484433395546, 0.1259049026196386
0.027129926496714002, -0.03364661441764724, 0.06084970639314087, -0.09459365722407534, -0.05833956550765396, -0.13225723998034497, -0.12819664340282091, 0.049421416254084645, 0.008316993541416552, -0.1104110528334968, 0.17580952542932, -0.031357839263114605, -0.008909071311429564, -0.05662323311891074, -0.037149783026829926, -0.028430995420111335, -0.07357787458819319, -0.030457427646284698, 0.012718595863782748, -0.351357226941811
-0.046560771149116616, -0.0331188628926652, -0.036402688192097125, -0.007500596371002621, -0.07865357180282467, -0.10706064946923596, 0.002950418498128395, -0.015227121658190531, 0.011971924093662479, -0.03441277581839133, -0.008372076801651586, -0.021350433187923453, -0.052132836760717255, -0.1050738687896605, -0.025975100317438906, -0.032193774528722754, -0.048062201838315124, 0.04640219956672878, 0.014182603424162391, -0.12718946638187814
-0.08752418156442009, 0.0017958278752824128, -0.2814799726752737, 0.0863031329748998, -0.08511923713404862, -0.04829097852465457, 0.20143879803047823, -0.10505134613276541, -0.009650314137618889, 0.09858998388614328, -0.09149888197748336, 0.012287504091246515, -0.05756061914327423, -0.09558334703346094, 0.004535247348528127, -0.010004296306717807, -0.02322555118761451, 0.1720882610925486, 0.11965982752719646, 0.2891292717116132
0.04739269614683511, -0.03417462306532664, -0.024389557515328612, -0.21579782589664676, -0.03402617566772801, -0.07049766854488217, -0.1976650110122507, 0.05007941712389434, 0.048494408769698225, -0.3289424848260992, 0.3147482494964597, -0.02589931345240639, -0.025095335761340282, -0.102655944983582, -0.039383593987680585, -0.016168933417581483, -0.10077813317397942, -0.09568169520813309, 0.065542009143261, -0.4307273748168299
-0.07040471434521763, -0.014999459870497646, -0.1365142477757636, 0.07592333899058168, -0.12354313124913341, -0.08444337242955505, 0.08149693560341142, -0.04243550283666115, -0.05801665929925349, -0.03141620267770139, -0.11062948838475874, -0.0276677454476498, -0.09872305206023049, -0.09500755739296045, -0.014493042173198101, -0.029320214567300155, -0.018053661305937347, 0.1172245726971946, -0.07491705541354295, 0.06068155400373474
-0.1776277829118883, -0.002110287557803227, -0.35848692149730427, 0.3409477130729688, -0.1678280116569276, -0.09878192454292214, 0.4738101260163144, -0.229035906058218, -0.1902537307098096, 0.33264211453934306, -0.43667972640178243, -0.03033637810101539, -0.12304860829569993, -0.06629022603872246, 0.027582730105073703, 0.0012407770120427776, 0.04452312455141946, 0.41412297013326466, -0.09894737912104329, 0.8673306145125449
-0.19972850488636693, -0.01575170542863886, -0.17718961743632206, 0.10419584891131041, -0.008724739057789659, 0.06764622739589478, 0.05226834051613074, -0.047849943712471976, -0.07394215866659243, 0.1245086213637581, -0.507949602312738, -0.03655937177552584, -0.08137410458792042, -0.024749803270520586, -0.0256550915052655, -0.021331260201889055, 0.00022537322270895725, 0.02041356503076628, -0.23016664138892465, 0.2657865597074425
-0.010593129295170535, -0.01716331443706242, 0.06850495901486946, -0.016956100636921115, 0.18963372315137353, -0.04029289524772297, -0.09789938746073186, -0.08274229368070506, 0.036429112924140215, -0.08251648661010735, 0.007869283328754216, -0.006645870527127852, -0.15979881430712567, -0.0975018551232794, -0.031243112345776657, -0.0032546882547062543, -0.04063255991625472, -0.09992650597660781, 0.102154623899714, -0.11977321642647837
0.24550596142005818, -0.012900150693442927, 0.45112531009555734, -0.0270846888506167, 0.4869730348798555, -0.2171324663961342, -0.2635663422347591, -0.10290582970652516, 0.08384711756450935, -0.19271768829033076, 0.7308547542058513, 0.011303200253623231, -0.20917054850444033, -0.09896196808966137, -0.022433871718223974, 0.012749901901509209, -0.06045451171753262, -0.16373171421387978, 0.4613469992240597, -0.5483504377670568
-0.12434605180523636, -0.027425800104527186, -0.19664200948747532, 0.004636216940226341, 0.02381697350151925, 0.0903205159627535, 0.02353303206442455, -0.07938891617976764, -0.02714216227094764, 0.010873999386767422, -0.2230092556941604, -0.023238694892261744, -0.04232565591068702, -0.038145937337989266, -0.025061032937098805, -0.027377060143173468, -0.03223787533664933, 0.00405137673133358, -0.11235029798973808, 0.25185535025996925
-0.023668303161806344, -0.024176587458083463, -0.026023138999855, 0.03691319074741989, 0.09495678880880204, 0.0018140768608996358, -0.057793286416658395, -0.09655750419196676, -0.002294439844596706, -0.07611367470990628, -0.10572469267087811, -0.02227695966085737, -0.1214336589645802, -0.04134287801139133, -0.0319268068726814, -0.016586482702144585, -0.0109510131340481, -0.057357170059477526, 0.014295524362352843, 0.05018892621639493
0.08797578215483033, -0.016018263232880085, 0.22675716664151793, 0.18127750900593134, 0.2080186773548738, -0.13231441334815688, -0.1643218235048805, -0.08013313772953454, -0.03759141950082466, -0.02012589518020267, 0.15601707194172856, -0.02088456278611112, -0.16670957420957544, 0.0019133906130057161, -0.017731038539126998, -0.005887037109794962, 0.018854459692831248, -0.06440761712467523, 0.18090419463428054, -0.2680794119317128
-0.03922371051232869, -0.026333887494220127, -0.17532724109365808, -0.031600354928980126, 0.018223584092897618, 0.09000019114512886, -0.06717031853448353, -0.06883876636762089, 0.03317972812810997, -0.01866036400630195, -0.03932636601704737, -0.037427156079454287, -0.031218514342581407, -0.06240641282500093, -0.04649375672513943, -0.03865901113035634, -0.06466748549714063, -0.07812986797048681, -0.039286643917968114, 0.10787679893583803
-0.004011116734562652, -0.01901497311617988, -0.04775878381859548, 0.004249860812899355, 0.01248977781481096, -0.0216390041076214, -0.07692890171884423, -0.09781285262600031, 0.0012194100656847146, -0.0665815211101384, -0.07243212066106776, -0.04185685296040319, -0.13047109632415077, -0.08387393770719864, -0.030662587591857242, -0.02243747024592077, -0.0246515227704391, -0.08553098763957788, 0.019757003088910634, 0.033509066368268996
0.029489097739178245, -0.023117540972007387, 0.09784226677833431, 0.053951125369003414, 0.057515192268184294, -0.09150083052287132, -0.11285761749925596, -0.12858700834208311, -0.01362341041000778, 0.013591300499853826, -0.0020052831643871246, -0.018613700960788782, -0.12671560177783878, -0.07299220569170727, -0.011913830965629197, -0.011704920846763967, 0.014666211308428644, -0.09819357214684563, 0.15375304753100477, -0.13779420740538537
-0.007032834177071479, -0.05029178616400802, -0.08313923035533254, 0.00036357500883576024, -0.01053753185072524, -0.003078689539126923, -0.09226873238217274, -0.0837446970490215, 0.01244684090988802, -0.05831275338877356, 0.028546727279546085, -0.057469844584627866, -0.07975532409042288, -0.04151903495881604, -0.04011634602727779, -0.04198396571308017, -0.05836166558139168, -0.08218726026659477, -0.071013832750943, -0.01286113784471161
-0.006198335337598272, -0.02783860014877479, -0.009835804293003025, -0.023922609665435315, -0.042460224521665355, -0.08116482422340855, -0.0938185168253396, -0.08721341074855658, -0.004620319187696606, -0.11259240765470388, -0.014167053255320567, -0.04118230250130235, -0.154682759976765, -0.06620236304247026, -0.03671697336619113, -0.03299334076349219, -0.03913235419322556, -0.11997052853817675, -0.0172369598440883, -0.021807900130803415
-0.0034888017205008935, -0.031157603244302768, 0.08011004750527734, -0.03256946972260855, -0.02726228105348881, -0.15824363773394173, -0.0972856907544225, -0.07217766248944668, 0.0034716768879482587, -0.12759827348904945, -0.025892790037792244, -0.009293285387524755, -0.15934928513325827, -0.06592912623096905, -0.031991353634874514, -0.030727592769096937, -0.01787294374000617, -0.1306013922373686, 0.0830614704733379, -0.1002861630141689
-0.034277431734121025, -0.0489306339783087, -0.02495329817934004, 0.02106231688863359, -0.13109959479383973, -0.026539303979500252, -0.027905128454439702, -0.02631311548786635, -0.032038401282103, 0.0006817984619837065, -0.019177112341680253, -0.056815365574380466, -0.12565734817886776, -0.013218481725009137, -0.04963802320120843, -0.04759112918223429, -0.03274410887458629, 0.002811797578163819, -0.0645255570722545, -0.10378424822348485
-0.05668593138452286, -0.03103698564323091, -0.014082816881362157, 0.006363316632810053, -0.15925058272738768, -0.060207503932591666, -0.031364912284766074, 0.0021976674121277863, -0.026528410369919167, -0.06269294863522043, -0.049029186262332894, -0.03792330998726998, -0.16453539210988985, -0.033480486906023524, -0.02618615434733254, -0.04133171255565641, -0.010373948595294894, -0.060628565912885145, -0.06238891320453545, -0.07397378635558646
-0.03656317534435914, -0.010903994883768597, -0.033203210389830845, 0.02007115332225963, -0.14660830122833482, -0.12794440048030453, -0.019186858218927426, 0.059559313552471536, -0.05297383761401185, -0.12394404603918768, -0.05046643454157385, -0.007141316834408624, -0.16153414720067158, 0.002242053276747455, -0.021247283827011052, -0.008877124070378425, -0.009878684188455252, -0.08301248973757824, -0.032629443266357853, -0.048986583763576994
-0.03362040745891523, -0.037273230740391516, -0.005782774892297926, 0.014095393738520107, -0.15662251113805054, -0.015202398503616463, -0.0444980120010286, -0.01842701816611595, -0.003837513666835567, -0.003139254739203948, 0.026586320102264593, -0.04178782737789821, -0.09742990610709763, -0.011691154469665965, -0.04053446284143212, -0.055101008029898174, -0.030987515716618258, 0.013475736653125393, -0.06294220728243695, -0.245748880671824
-0.046500947936032835, -0.021912157745482858, -0.003345545083653929, -0.01638407983397703, -0.14784212266922722, -0.08076773522171647, 0.03263664015191357, -0.05187148904861197, 0.016780344765838007, -0.04083762246556593, -0.02493925998760231, -0.038329987554757874, -0.13564302205179055, -0.06570743505672541, -0.032041870301273326, -0.03576812956869378, -0.026980335318739296, -0.00457575003676244, -0.020821032861576827, -0.12696657634915945
-0.06746911639617599, -0.003964380966271792, -0.1284518850098157, -0.0059747510444021395, -0.11504303806335357, -0.17040239377798452, 0.10341534128292523, 0.01429281751809611, 0.004110125443906199, -0.014747042651575615, -0.017715167155168805, -0.005702939220561125, -0.12663750834166823, -0.0636412912973752, -0.016965294337116164, -0.01855614825724339, -0.04672942362008016, 0.013383687821239219, 0.07180255039001368, 0.03471921898381509
0.006961053829154635, -0.04331977072919856, 0.001769019592630826, -0.06832650247495951, -0.10348833709548322, 0.02318336193925215, -0.08990180811605344, -0.11598900356800339, 0.01313974742630387, -0.06583033318764724, 0.11152071872227215, -0.03682370254334786, -0.0779043408710721, -0.028490271939736234, -0.031003676220429894, -0.03612876632040349, -0.0641682253755896, -0.0031486981445677867, 0.007972557466744579, -0.32295145889483745
-0.04032977157354406, -0.029370144245760385, -0.07702227786155769, 0.017113724008902112, -0.13080253191780683, -0.07474473652803652, 0.04874480468296273, -0.10656184618791481, 0.0017420739749093909, -0.031311786324860966, -0.055431365604448765, -0.018794697517076756, -0.11639469619488532, -0.0683214106538291, -0.025977140803628628, -0.030070230895741318, -0.037146681339366425, 0.05184803895433132, -0.004100918185607934, -0.0988423304255771
-0.13191780455209803, 0.004103578495819048, -0.3174461325416503, 0.06510321448343447, -0.11358120080280908, -0.1064878778275983, 0.2543001111254531, -0.053829786181455064, -0.01264784524260126, 0.11756608983674982, -0.17215455870032337, 0.00860159342284083, -0.07994807080148116, -0.07206094984629904, 0.006772770065020909, 0.0038396694943259252, -0.03171752008743329, 0.16238231546183005, 0.11545362761743369, 0.2833446592970848
0.03688618934651176, -0.029928618590757728, -0.0780062627887012, -0.18644634588934203, -0.08115272207288476, 0.021505244580424236, -0.20571591960862698, -0.06025254375810417, 0.0787121382627195, -0.28187372559202467, 0.27966837040157977, -0.025046335750043277, -0.07939472357138748, -0.07313864988584025, -0.02833481159294549, -0.03542686248720513, -0.09229832182445616, -0.09094536010427455, 0.07543575846789721, -0.45830350731138203
-0.06786807068241694, -0.02029022893040609, -0.17979060003560757, 0.088034194934405, -0.15730483042536625, -0.14465977721858114, 0.07441716670342172, -0.039927803032715835, -0.04537964394761505, -0.02550105760883308, -0.10430391245659171, -0.0421377980445635, -0.16937430883255483, -0.04782515067603514, -0.006028346636288711, -0.015875360804881184, -0.011022787596701463, 0.11807521402109132, -0.08539751191813758, 0.058598944742192904
-0.18351241835208934, -0.008882548329054815, -0.40386586639504773, 0.35778441754226853, -0.16975844095425976, -0.33659761064637805, 0.4896304638200319, -0.08032821269429195, -0.1973416836807802, 0.2883071824244886, -0.41134843337800947, -0.03187948283218287, -0.22287794210448222, 0.012795880465988691, 0.02235362635877443, -0.0009179175880729863, 0.04625518719294532, 0.41132347081299847, -0.11986684437089407, 0.8881197595589271
-0.20288354850108425, -0.014426539988276874, -0.22053308943631436, 0.14679834692374236, -0.05064648665065758, 0.019843527546898037, 0.05337415924143087, 0.033560952702976876, -0.09968345765842512, 0.10835277131270472, -0.569570905285477, -0.043634191940569195, -0.15871633412667047, 0.06064151745367804, -0.011517515411396399, -0.023708092603663387, 0.03230241718796356, 0.0435472611084832, -0.24389335706198237, 0.2855487402927094
0.005533825249111689, -0.007269176793303673, 0.04150673978768588, 0.0074240425423129685, 0.1754913333942957, -0.1366059870738213, -0.06374116532531537, 0.03150892051639701, 0.005916423944340892, -0.10110993509096948, -0.01312385686399013, -0.01759905039346693, -0.22553667122984877, -0.008488329462460364, -0.03220532832930095, -0.01368546705633841, -0.03199133094695538, -0.07846694511617734, 0.09412391262704718, -0.04746875691060761
0.27498317282563206, -0.0008137525222646536, 0.4769246207036939, 0.015637176709670648, 0.5094847111269222, -0.42995065116962944, -0.2256275203778463, 0.18444752891340038, 0.043771628973410553, -0.3035838040462573, 0.8133757529760313, 0.020340674549799313, -0.276637865381616, 0.04027815705817754, -0.020960590189237356, 0.015136851659168598, -0.045302634071626886, -0.14586724700090822, 0.46515238312579194, -0.5206628392415515
-0.13783788863050606, -0.010882717895491162, -0.23758115531880628, -0.04662166511429448, -0.004496867257147792, 0.16239846002204664, 0.0380883256302044, -0.19200967829370072, 0.003388432918525091, 0.030785372121037137, -0.2779107369366856, -0.02391621539266039, -0.03821508012373234, -0.040105023194578523, -0.02645852454301842, -0.02959801892773882, -0.022708275664816247, 0.002481150419309614, -0.08744871503567352, 0.24553223430628054
-0.051679777629761225, -0.021530370613095668, -0.0666059631121549, -0.012498015404794796, 0.047874400059583565, 0.05536646679851453, -0.032864522861318246, -0.10783154838914896, 0.024018004740807612, -0.010347085655355087, -0.13657543125944407, -0.028482186981867393, -0.10495089399616031, -0.013784206676460105, -0.018370989101665337, -0.01780521744226441, 0.0012997655340376835, -0.071111867180964, 0.06305783695216968, 0.038490097975559044
0.08550546784660178, 0.004784004892874322, 0.2433685974834825, 0.13733193986320644, 0.19526627939766097, -0.18803691112125123, -0.1185335248233626, 0.08047046369361219, 0.0021751077163116193, -0.04564649183504527, 0.21873822023938153, -0.0027529804498976837, -0.13943509006626043, 0.09009538936561612, -0.01208990149557676, -0.014941965354545568, 0.009964446077573436, -0.09682550257501377, 0.2748484387687843, -0.2860552655143015
-0.04843429823755864, -0.03256659067225964, -0.19431675356054623, -0.019570114100466777, -0.029659819849081906, 0.10331211710925327, -0.0640414765881516, -0.11909369492959251, 0.02642168934355347, -0.041989619900043434, -0.027570050427889372, -0.04227802978267768, -0.08694146228157797, -0.018391995353311513, -0.038524478722726116, -0.027870820238741878, -0.0371815334467512, -0.05320579088165788, -0.07498792286429061, 0.11146394191764868
-0.040221315516214724, -0.015478529882941617, -0.09239159970259872, 0.04690318340291203, -0.04504945008400518, 0.011946604343413103, -0.07381590291081688, -0.021731747717688852, -0.02561731463448866, -0.058413588063200114, -0.08141491685831102, -0.04456214233854892, -0.13984136307745015, 0.007955879311314725, -0.025769464192536503, -0.017434499657882983, 0.011122758854369051, -0.09761113932472276, -0.048226359298654965, 0.03836064418760828
0.010561576120242394, -0.011618143520419665, 0.08315297022657274, 0.1017453732753381, 0.021961844058821425, -0.16619395592332628, -0.10933603949810208, 0.0982626875814766, -0.04340835321737123, -0.039520020406901474, 0.041035939918271216, -0.008605512483101548, -0.12353944712164604, 0.060343441048772054, -0.016648016326365568, -0.017377925748382348, 0.020078504449968584, -0.10631464538792736, 0.12818873191904798, -0.14881184881519172
-0.029985771975851037, -0.035727244458023964, -0.07142723902613246, -0.03131195323854957, -0.0021420505480191226, 0.039471648698609314, -0.06487808187379952, -0.17560074108906557, 0.045045621449873646, -0.04512855616681264, 0.029557320026847623, -0.05605240257142852, -0.11217712853512178, -0.028514808441619906, -0.032893402653019016, -0.04598873814134422, -0.04854952039781662, -0.03726992973093919, -0.04796087255191083, 0.024770316470626552
-0.0453198934735143, -0.032537704500221726, -0.01589733131386792, -0.02666168966267557, -0.06436156092965185, -0.03737035330928061, -0.08752219305442115, -0.0844877022154378, 0.003561056660407746, -0.046004119285115296, -0.034106344773574604, -0.03582644233059984, -0.13494086065557642, -0.019636876063037035, -0.026533231828324108, -0.03704471168789983, -0.01713202989759297, -0.11540462920569557, -0.03236672562155472, -0.03493759807967107
-0.055015670281898486, -0.013525871613941488, 0.07995940934487729, 0.020667217186590144, -0.052132864817618904, -0.1863518429915353, -0.09604466446920823, 0.04789227347197904, -0.0031420859576684838, -0.01221576928157624, -0.0644399106322973, -0.02125625067252759, -0.08768699561399823, 0.02893289262504582, -0.013865409471780818, -0.024740789716303238, -0.003660999688746137, -0.1250376357647056, 0.09122959587617134, -0.09746904926904183
-0.009747605816711025, -0.04480431254567476, 0.010314774874026418, -0.011300396462150353, -0.07635277175752994, 0.06793018568850101, -0.057535078900118254, -0.12568685430785456, 0.006124078757329775, -0.040834649528163035, 0.012793847051086937, -0.055500712946464685, -0.11032535622489652, -0.010905524539519727, -0.04512418730820345, -0.04823124317399874, -0.0473508762880477, -0.006333991578499402, -0.024037011573892743, -0.11109033934975453
-0.036843704818265696, -0.033363050188885725, 0.0031177203529304414, -0.022270758811678174, -0.13579805650272792, 0.002068456430621366, -0.04023347071636813, -0.06775987770869067, 0.01626058849379239, -0.05464802774910412, -0.014421153295267705, -0.02464615681257824, -0.11858539914519038, -0.017232261498411155, -0.02786130240491789, -0.03231447093349955, -0.021108856786269625, -0.10435430093904537, -0.0335563132706655, -0.11372921319098192
-0.03476292763544952, -0.01652035449690242, 0.005263656402280182, -0.0064134124630715085, -0.10240701786660765, -0.162411187365649, -0.030163820484367, 0.1087148418587021, -0.01431080131431196, -0.07028879099119051, 0.010327169876514547, 0.0016018624349228982, -0.08662276209220554, 0.05346611950399401, -0.016990084602431087, -0.020144786804369173, -0.020453295785707353, -0.1185553889883189, 0.045845111833114745, -0.08793007167322298
-0.01238603338752334, -0.035795060653401385, 0.051523575911458064, -0.014044982411112811, -0.12064465046169617, 0.06794127560744888, -0.04322940824711855, -0.21915991605383686, 0.01809271694682693, -0.010043863248064661, 0.024095878455729774, -0.04226087066438622, -0.09838289400480124, -0.009778717835519804, -0.04840403911746765, -0.04468028648202029, -0.058827399043183945, -0.001742975059304436, -0.04934656453319513, -0.19988496208907447
-0.051616581720533496, -0.02688447319109349, 0.039670625942950705, -0.028090845771207667, -0.13771114360684922, -0.026800021500697425, 0.047245408722622076, -0.1757350930993921, 0.007935902097090806, 0.0033064322881297377, -0.07030040527280444, -0.0182018348527003, -0.09677473303412333, -0.04895384469327097, -0.018935820450816723, -0.03859460191147326, -0.03592730639177975, -0.03256584648979836, -0.05674297388065303, -0.11534828555583196
-0.05294455277631519, 0.0009643157709761762, -0.06904139660864074, 0.03768529262031644, -0.13281223740408182, -0.19678664152863876, 0.12854319600844707, 0.05382177409268856, -0.028986444383205134, 0.032868119837519534, -0.04347567188308458, 0.010410664635697174, -0.06371015416681444, 0.05778196606021694, -0.015513380033654461, -0.013199216596129328, -0.031402018528236174, -0.02910743878084646, -0.00046334912409159084, 0.06745620658356032
0.04543789168014693, -0.0331501924031366, -0.00540231067371242, -0.060399594595551255, -0.09495234844708227, 0.04159036911320831, -0.12803735549941464, -0.16529875813102193, 0.027028941707388874, -0.1276135400219592, 0.15186630033022203, -0.036463821229203996, -0.1261144624424651, 0.009602088607595247, -0.04145499037245254, -0.030632041375407083, -0.07910191685804648, -0.018638717803947238, -0.04349962866946346, -0.36094568517144343
-0.0232956415863893, -0.012615678344228476, -0.0714083629480206, -0.011679998237995936, -0.13867733776702074, -0.01886319540831476, 0.013093068585476111, -0.09816060071306619, 0.015913194036260694, -0.02982290893732927, -0.018622670584378994, -0.0205375512572704, -0.12674114828555813, -0.029164694469257683, -0.02245600754017145, -0.017275588112983787, -0.05112631939139795, -0.011673851258160733, -0.04151458182292091, -0.164983401569593
-0.10811307205698659, 0.010342076217429714, -0.25660402198823157, 0.1379296005244619, -0.14510310047584007, -0.15220411437594328, 0.21725501083776452, 0.08005014665450624, -0.05385065213958922, 0.12137501829820369, -0.08828204635503435, 0.009270491324220325, -0.08578449439597469, 0.03680519207232903, -0.00862363218024059, 0.0014964419368347578, -0.02580892998949465, 0.10811845317761436, -0.0022276541878731466, 0.24913964489142898
0.05094228635651803, -0.015632740114679352, -0.08177172535594572, -0.2719582613647604, -0.07266412640840844, 0.08408423240288238, -0.2148015104844524, -0.10456659164482937, 0.12271716766571705, -0.24642499657936992, 0.28861764689629055, -0.01046675519301032, -0.09911457332462258, -0.10390366796212731, -0.03363943470932042, -0.0363122760920153, -0.1114189825051516, -0.11421049494748435, 0.09477372445353988, -0.5089545156609152
-0.06315009625015044, -0.01569253929895768, -0.1803787898531993, 0.013795268176194392, -0.13465845901919035, -0.11372768266144295, 0.06296152947358973, -0.009323352539921902, -0.027158091487848705, 0.011620311135951321, -0.07086832864823624, -0.026347688409394644, -0.15596929493612732, -0.057395881098198015, -0.0036201662367888877, -0.019999231723583803, -0.037450898911348444, 0.07083641950838994, -0.0854786886066454, -0.001459830744090542
-0.15314894861900302, 0.014445077851916246, -0.3462813294816331, 0.3756400489965825, -0.15742423700137234, -0.4097368415973281, 0.489442786924534, 0.11894330423405437, -0.2429259530048623, 0.2783330721937519, -0.30715643857281544, -0.020912431656511955, -0.21794371360631093, 0.08806674929425853, 0.030470938132498005, -0.010155411145337571, 0.059459920372384865, 0.37100078368321027, -0.20394585845294522, 0.8281531771306105
-0.23745809166505188, -0.019133526784356942, -0.15603901954951815, -0.0061473305571853425, -0.0022658535773862603, 0.04617419766986267, 0.06522229745432205, -0.09072233595019756, -0.02363793126236556, 0.22314847372668203, -0.7277097033982591, -0.04049318290003493, -0.10697367021819815, -0.0012669933802578947, -0.011497668769559464, -0.021434990278740913, 0.02227770669047912, 0.047633885551868066, -0.1821279587179472, 0.28889514638444413
-0.008685839196501156, -0.010085165391494469, 0.10592625947162033, -0.0609757096714249, 0.20631639470459226, -0.17428545714734914, -0.05573586652399595, 0.08014296426022856, 0.011997140363031492, -0.11498504329821892, -0.05504432538522587, -0.0024107067709519783, -0.19465330741343045, 0.04649087772259944, -0.02586496034641931, -0.010728164358486749, -0.02379195702996578, -0.08467399075290435, 0.09343889484461772, -0.029472682963430297
0.2900051653051643, 0.004453811384876615, 0.5079941724446423, 0.04430461237016152, 0.515465550498123, -0.586310423157179, -0.25667030116144113, 0.5083957663646304, -0.014683650413052755, -0.42104595022772817, 0.9053138384178513, 0.02817428367002493, -0.2751416332188955, 0.23584758697084765, -0.026334193168025172, 0.023839220773111708, -0.05732313460227518, -0.17556542724886395, 0.3917961120581142, -0.5086638130854884
-0.13381295040149005, -0.03298605521328045, -0.12812151453841675, -0.13070258153925313, 0.05935339455573133, 0.10050463872286236, 0.007033117191880629, -0.21870336326232448, 0.026051884167119777, 0.061318269442940436, -0.3641559291492288, -0.028812651537794005, -0.06699302079872847, -0.030606360373594828, -0.030384071362374778, -0.03360463847066075, -0.029404578640097198, -0.015896714424362888, -0.0743092980223889, 0.2292898510931852
-0.05441105498842363, -0.024152033034029546, 0.045156169783047595, -0.05839211874519242, 0.10663392166858311, -0.033742626901316776, -0.04706454342389148, -0.029277612534691078, 0.014024626331681563, -0.03228546610660893, -0.15633524168182056, -0.031556583798447196, -0.13639097678196588, 0.05463220592955973, -0.024326885675154616, -0.010941258951034212, -0.0031566549712431827, -0.0922515902402075, 0.051326078047838467, 0.03492607616547885
0.09510945579304118, -0.007155477388258457, 0.30244584751654663, 0.14984079179122595, 0.2267686922567241, -0.3323227575916645, -0.16636652450658002, 0.38829307172071925, -0.060482149354210646, -0.07216412339671607, 0.24212552634624085, 0.006485699943310974, -0.15265887641660586, 0.2725311133475607, -0.01707136938757818, 0.0057281849072749, 0.01894933206891787, -0.11618634642238058, 0.24993063654916794, -0.29146802756872436
-0.07372574779215292, -0.02808586486214832, -0.137134549331943, -0.17721672335834882, 0.019003351675701646, 0.11521297130253849, -0.07079480867491138, -0.25443963596159724, 0.06671065912148579, -0.023500439661851984, -0.027685468426407362, -0.029958314777435182, -0.05948790824685144, -0.07436691210954277, -0.032330503342894834, -0.02994541957539899, -0.04433004811873527, -0.06788584617769079, -0.002459879132936882, 0.1013602789994788
-0.03907267119298547, -0.030969261268289226, -0.012646467276455685, -0.05120672330235508, -0.0006315632108637213, -0.010939224420772829, -0.07006392729506478, -0.08763356581551612, 0.013885341483575973, -0.05402857913715406, -0.025250987149419396, -0.02279712328505583, -0.12075583837228766, 0.03704884964475423, -0.029158224357702756, -0.017391881707300896, -0.004175269682651291, -0.11077345586882349, -0.015314348896741334, 0.020541638394300198
0.013931372615419694, -0.014632729739059566, 0.14957834392458788, 0.13019064648181794, 0.031491157307706116, -0.30112682344651304, -0.08746076929393463, 0.2971547346149237, -0.05620549612231615, -0.017682829968166877, 0.09110323662743076, -0.009958778777191837, -0.0890102311997234, 0.24906644924129684, -0.012443261974378951, -0.010344547224874783, 0.018755839055812212, -0.12099947951805824, 0.1246290046145343, -0.13525763026485857
-0.035087114599236385, -0.03388163720890445, -0.10206664659380034, -0.11455103036320217, -0.037481110484970805, 0.1077200373372888, -0.05697302611382532, -0.21792055684937078, 0.04414015186641336, 0.039522591009367836, -0.028231903138423997, -0.03977987551946791, -0.09472884430745782, -0.05921383766623216, -0.034927616848987354, -0.03663259577525365, -0.05624264495935097, -0.028411808284480727, -0.04290270406277629, 0.06471271232321005
-0.02768031447484257, -0.030542020804424076, -0.02649156101454916, -0.055815207652957236, -0.07784864913345874, -0.04761692073598621, -0.08905037444195385, -0.016916880315873434, 0.0009716905118740782, -0.05510442451880867, -0.006524709583505203, -0.02789117023462752, -0.11797904238814598, 0.03792797309441028, -0.025135413617845846, -0.03233894514310961, -0.015230239285233075, -0.10856246968655961, -0.0792894254643304, -0.029162672011181993
-0.02684425153036195, -0.008648170377704701, 0.10102987839626078, 0.11894165086932863, -0.08922523993185527, -0.3486837685877582, -0.04838826504417442, 0.33305296650025157, -0.10461906015751708, 0.02251768996732876, -0.014647355526664647, -0.017215182202174356, -0.06136561334558277, 0.22153710291045145, -0.005677852042185607, -0.019455734597178545, 0.023023599593160665, -0.10422483467272758, -0.01965319125266219, -0.039058505897035495
-0.05336495773048554, -0.042425684677709394, 0.010263979406585992, -0.13011545961504897, -0.07184554095412432, 0.15574002837536613, -0.04096534638384585, -0.27551753769786236, 0.07163699654844369, 0.08182159738199676, -0.02646313262889032, -0.04306958701564388, -0.045479831139602495, -0.06775655124731648, -0.04175707652559177, -0.037466903355849186, -0.06073426493841666, -0.011186160095641856, -0.007143614563442994, -0.12285945371632094
-0.04690706502968241, -0.019862983389187412, 0.029046721518890144, -0.059521582092179386, -0.12661927628323605, 0.010003810858051156, -0.006704799782366064, -0.07097099469571272, 0.007732239286948725, -0.0020755117956664172, -0.012613391436078134, -0.0372902053482497, -0.07328932190649882, 0.022901332615976162, -0.026223590299802046, -0.036973728365328536, -0.02537780894489712, -0.067169292418262, -0.058196219684092, -0.10017235862184364
-0.06900955366220032, -0.003319112194314785, 0.014562571371164625, 0.07077015086035317, -0.14395304009015172, -0.31531850633862735, 0.04874937688272575, 0.32890655104152106, -0.05851468542280332, 0.06162826467667703, -0.007923337279984417, 0.005459140959434177, -0.023390816058951745, 0.2085994053673898, -0.015454109444916774, -0.009862734885494273, 0.005442223783172315, -0.08637694639627105, -0.014642605937662477, -0.024536939785579026
-0.004719173134338669, -0.03877385929178833, 0.0761425714549109, -0.14523763729412703, -0.08667570643412614, 0.1875732807745644, -0.07297161183246258, -0.33624498359733895, 0.06304484523215166, 0.01597745399837044, 0.015572451364848885, -0.03861214184443692, -0.029504354421164624, -0.07110514451206557, -0.03784680307094772, -0.027699257270514296, -0.0732740946902308, -0.032233849513080906, -0.038146259122492004, -0.2713677615634977
-0.030974876849494307, -0.018003910705097118, 0.0524457731829213, -0.0795908576313519, -0.12709720992356272, 0.007443171963498278, 0.012536716842845836, -0.14025183054807064, 0.03155088116308189, -0.04321814830820256, 0.04120626834234281, -0.020905709904356178, -0.059254823949431185, -0.007526040439074511, -0.019202910913359954, -0.02041304375427936, -0.03870939383909656, -0.06422214135433127, -0.06198505141295781, -0.14973699568300256
-0.055599177525113314, 0.0009006419437916333, -0.10208392451739025, 0.1305940162973989, -0.15554133225002603, -0.2843533337885211, 0.15473293009019465, 0.3441272612908453, -0.10263528609937153, 0.054352584341604095, 0.05549807577318088, 0.0036311948800264978, -0.01953965265671805, 0.23671740442346847, -0.015275318623816732, -0.014467211907517064, -0.014839554802340062, -0.009080116629860505, -0.08864494587854384, 0.09165912220347136
0.013659735242690032, -0.0307028024961223, -0.023564533076641084, -0.23786275393748263, -0.10482702632791158, 0.13730107329320979, -0.0859770616821816, -0.26643511312892487, 0.0990780456257302, -0.05184474190445301, 0.10971085540478855, -0.026674961558535853, -0.04639265660364543, -0.11475362322505012, -0.0407136518249454, -0.040629690034814876, -0.08607095066634847, -0.024787499843378743, 0.018491982623622626, -0.33036708411788
-0.023796845085741498, -0.015430612020649178, -0.09883093462390145, -0.08162165597310095, -0.13539770457240105, 0.004623693153664149, 0.05199367249528396, -0.06462411622094484, 0.03191747688011258, -0.012682949847332868, 0.054039637362175964, -0.016784721248799928, -0.07769802967155258, -0.013256659293815804, -0.014397876728900808, -0.03009153659186544, -0.05405884289277236, 0.010470156879206167, -0.06009454740106489, -0.11277101985845779
-0.09967379906025925, 0.0014623561535184704, -0.27269603368364054, 0.19339647048608255, -0.17742099000750108, -0.2869977809642751, 0.29170688791492644, 0.34550628145589357, -0.13265352138604383, 0.12779925509315168, -0.02242087549946036, 0.011083630097675184, -0.07626443408147175, 0.2117808042006494, 0.012449623942266022, 0.009132099991090123, 0.012162753822630748, 0.1479764845796048, -0.09510629298884074, 0.35396652697361203
0.017161392575528133, -0.030196901354896485, -0.09374839637881341, -0.4556316344629849, -0.08407344207599969, 0.11126670817719253, -0.1647616106066393, -0.1301001406661169, 0.20208299407562907, -0.1803069714924757, 0.21505819308430796, -0.01189955822661958, -0.05100667113961324, -0.19447002092490062, -0.041063218440474204, -0.018882010226246946, -0.12560784602937503, -0.11543524084219728, 0.18644327936016122, -0.46532989984696854
-0.04740771248072403, -0.010572284063089573, -0.17615076257933798, -0.06460810404322606, -0.16098016966774628, -0.09802351424505404, 0.07329723143995036, 0.12958158933386105, 0.007121164674889742, -0.037360820570367936, -0.031249273865910518, -0.021975814678153047, -0.13114936775972497, -0.004892783740309982, -0.02178426843307734, -0.017203340204039484, -0.03708118087263975, 0.06473946319352868, -0.06439251584447923, 0.016068606685237137
-0.15076170922570953, 0.008230725133792072, -0.348518034831353, 0.44842134199276973, -0.2145769167007282, -0.4955008932567517, 0.471399733354194, 0.5214297650932797, -0.294614701559631, 0.22653839420074742, -0.25064862848746794, -0.024242617160848984, -0.22416283631300954, 0.3017116341140226, 0.030729495803450843, -0.0014624156345993907, 0.07159129249544176, 0.38850325680922354, -0.2665946255084383, 0.8257902632913546
-0.24282837004765478, -0.017849631237395323, -0.0053434622450791325, -0.18333201852211603, 0.10299363589170976, 0.07984815620776052, 0.011737874969696499, -0.24624342120474516, 0.082878318130619, 0.3770562486330066, -0.7881119145930126, -0.03448191521812625, -0.030116223188678116, -0.11360726317583374, -0.020133215321555046, -0.030619433821151065, 0.0013850575583562287, 0.0077862377101714855, -0.03686012188894379, 0.20399658775884474
0.057595997905204366, -0.014059497535510059, 0.2205506254407399, -0.12154970093154197, 0.30800048275679315, -0.22264513581195342, -0.16291449587172382, 0.21972587080657777, 0.032979196257000576, -0.153687901320978, 0.07474678490368244, -0.014428412767864131, -0.17739464616356299, 0.12346688578129945, -0.030225846556149145, -0.013780555236715342, -0.035639500713253086, -0.12901077907251368, 0.07756387469388559, -0.1362816075418584
0.4159044208958224, 0.010205502537315366, 0.523624417020238, 0.17132659895182017, 0.567776292700079, -0.6508382792091483, -0.40318441001683164, 1.010849552693642, -0.1157448089100239, -0.6373169490539609, 1.1885358443187772, 0.01485090524612793, -0.30005518674284665, 0.5427537587601936, -0.03274052770241034, 0.03282236685028039, -0.060406320706601804, -0.2215873951933385, 0.20539811685298862, -0.661537052555443
-0.19847226061530476, -0.02638071022749676, 0.06629931913424757, -0.29877702939213985, 0.10462087082884458, 0.08199649095713134, 0.0009061187116227224, -0.41686087580537357, 0.10119524818662685, 0.2762737149207601, -0.573748736508318, -0.04622442269167449, -0.03211653440334993, -0.18670601553216018, -0.022773442646273467, -0.044906122711700115, -0.02687020727147741, -0.037105780930784794, 0.01858390089199659, 0.22996767846621147
-0.001860751358365875, -0.01435009313274139, 0.19875312413135532, -0.08998698993933274, 0.181812085160204, -0.1153769488006791, -0.13225769304143617, 0.06266963375793218, 0.0026493696785800016, -0.0816763396371652, -0.10360548206627698, -0.03112195637137604, -0.15205259974371352, 0.09390417729188892, -0.017467123441952472, -0.024508814242741653, -0.01243509208396936, -0.10843047644528946, 0.008518986262225416, -0.04202275628550527
0.19577250112507005, 0.007142565074872216, 0.3724087430912813, 0.25768911937269584, 0.26631792098665735, -0.4160744601576671, -0.33073820917930496, 0.8782181398902649, -0.1770703955988877, -0.3404938934300247, 0.5405046274231015, -0.012957825661045589, -0.18581038005189524, 0.5501813375959458, -0.020163375032813055, 0.016664079777585394, 0.013425589389629561, -0.17524091314613358, 0.08205928443033278, -0.4665685659061453
-0.12769279195242716, -0.03623916750777001, -0.004072895175925918, -0.35334563546727304, 0.023684566320850642, 0.10173236191633422, -0.03992387934167673, -0.45444104359769305, 0.13778779689319473, 0.18159228472176364, -0.28274293024257036, -0.029677154501551627, -0.029250088242159522, -0.1970048751941432, -0.03882857221885899, -0.028941687691578528, -0.060808173268844405, -0.06742150882294637, 0.059736096296150516, 0.14793489112257016
-0.026501691854403455, -0.017044336098707598, 0.0821832288284762, -0.06984944922467971, 0.019966193081973727, -0.1017975698937149, -0.1350314537583371, 0.05465304441698535, -0.021217222506115938, -0.0912311914761191, -0.0436285894463376, -0.031710535329109654, -0.1319108552482485, 0.14134023139518692, -0.017204396950035724, -0.02433465719804531, -0.010940862149628314, -0.12448307338640206, -0.05441788826125878, -0.013751820617235263
0.10404991978725839, 0.0028216189479701114, 0.14752436225096596, 0.2943082346402861, 0.033903504318342687, -0.3860392054601343, -0.2552089631319105, 0.9025013219879167, -0.20773105172860562, -0.2778223815249931, 0.3068199187633564, -0.0159327431113193, -0.15017507641353622, 0.5931731751760426, -0.011325337414402835, -0.001846373928313379, 0.035802066825073565, -0.16973481465645396, -0.06792755330437562, -0.3360232664957897
-0.09198274497656213, -0.03419783608026608, -0.016440397708614628, -0.3895849021287084, -0.03216096743823556, 0.10133972231291535, -0.029647428013074725, -0.38587141752393284, 0.13944277002233618, 0.14561707444324506, -0.17082827662990813, -0.04828847741738124, -0.041237294876035925, -0.20929686190953348, -0.044126534424775786, -0.04061092386699897, -0.07744006627643081, -0.059812671264893334, 0.1138226851845073, 0.059298337637398224
-0.0045324446928123275, -0.014769041005348494, 0.03632118693057977, -0.12661165635662344, -0.057997852762460514, -0.14251086232505875, -0.10857182052574811, 0.12457887629149404, 0.00675238654383927, -0.155392543845332, 0.03505441036296636, -0.032396732039646874, -0.13476536123604455, 0.11715015600390667, -0.022663822747599018, -0.015438831248513493, -0.023608364044408758, -0.11899839889109252, -0.06008449730975617, -0.04128037871117112
0.07239113174743776, -0.014664979370284811, 0.05990697632336661, 0.23635375805174474, -0.09686744549576094, -0.46352696531860915, -0.1701095144677642, 0.9664788048080243, -0.2098009708941328, -0.28773169661246994, 0.20950953441702938, -0.027709696344736648, -0.14596438880713727, 0.5831238822985876, -0.01072816989850287, 0.0009069827791943025, 0.028608163867730806, -0.1366487056484611, -0.14628787397558582, -0.1860768084345175
-0.09177529888672631, -0.027984978492935388, 0.05943961599283035, -0.3855887845491516, -0.10132624071674408, 0.17462405366390837, 0.005988826706119954, -0.39551346103379986, 0.14171271584910686, 0.133160140851651, -0.13733223981449627, -0.02898728599369791, -0.025716922709450998, -0.2154381662929586, -0.03727717480643445, -0.027689976868061912, -0.06967213253987618, -0.04547359582146022, 0.10309711922979337, -0.07130744309575926
-0.01122994370413322, -0.03107324173076933, 0.02018619199878382, -0.11497046153662141, -0.17799659966793316, -0.07806992330046057, -0.014355436112741518, 0.09372685085741035, -0.024613539190304085, -0.14042751252934454, 0.04268935529298112, -0.03637621665639339, -0.13479928298994764, 0.11374110118328455, -0.022417416438668493, -0.03122936773727792, -0.026024847399681056, -0.068433487137596, -0.10863862833001951, -0.04203127430601587
0.03148811433408286, -0.01216792271733149, -0.0775742285607742, 0.25734456652889465, -0.2126076025359031, -0.4476973330949398, 0.002576798406620026, 0.9233279053274523, -0.2464922079728622, -0.23846634975090578, 0.1644380586816333, -0.017835867929226073, -0.14619865924281525, 0.5869239602973043, -0.002638218626573661, -0.0046453736923337775, 0.025485967565807226, -0.051781390413294937, -0.24910356178061724, 0.0047160955593918
-0.08260563555031034, -0.045705063532278795, 0.02702678368647355, -0.39479350221287307, -0.20970083277570634, 0.16638269110562123, 0.055803930383861, -0.49407526106748506, 0.15963709372107085, 0.20601238734489585, -0.1574117177972568, -0.022254523178160616, 0.011817335962817224, -0.2470315657404816, -0.03772534376290391, -0.04200804925501748, -0.0717656019790104, -0.006457123983718447, 0.10093137268766712, -0.09429339697529968
-0.037742819044559596, -0.024089723935111284, -0.0734808350631221, -0.09636331813119953, -0.2705701343908162, -0.031211396458168207, 0.0881108063650393, 0.03851525558629387, -0.02664346963578521, -0.04265374947848897, -0.0056333086768636294, -0.022704114727806476, -0.08695963701731362, 0.09965882570536487, -0.023667774751983128, -0.013503361813099865, -0.019660484775123926, -0.015732813982536727, -0.14949936693741636, -0.008453749596114182
-0.026204378264913113, -0.0066984629266357894, -0.2911540268489059, 0.3840317949491284, -0.3461640803328103, -0.39440479607654766, 0.17973160391794626, 0.9609672950675937, -0.28764848779185287, -0.14031503935317205, 0.10945277067347793, -0.030890256492802456, -0.12879473194859936, 0.6195016698188962, -0.008320241823025619, 0.005061676083146077, 0.05253014418411191, 0.05773573542276497, -0.3853730036984604, 0.18750511338846307
-0.05078225937522598, -0.0386996575173667, -0.0723745894138965, -0.536067208522035, -0.1670639141455584, 0.1858309239142011, 0.014660090501644482, -0.46025647623661, 0.21903138095529381, 0.071587795867112, -0.0027582152135795534, -0.02089605827913528, 0.022454406565653645, -0.28562604173131306, -0.027270562738829093, -0.03737668765372237, -0.1085420222140495, -0.021983770830465522, 0.17068324976856394, -0.24809192132159988
-0.02626973876401417, -0.013186797713750897, -0.20939461356457717, -0.12058898994228691, -0.2570456657718744, -0.00421398540593787, 0.10031039558951498, 0.09517586405018123, -0.017055282858146302, -0.08698439284112372, 0.017424811494165034, -0.030467543510586354, -0.0837504078809404, 0.07725444874185339, -0.009929039918126985, -0.025821138555533148, -0.02425951556699877, 0.03340959738583784, -0.1517626926029228, 0.003644822005360919
-0.04884781535879727, 0.003389732950824389, -0.4697206347561579, 0.5009130511129988, -0.37510639211576646, -0.3700154049827916, 0.3129495381706321, 0.9565654468522621, -0.3151586168620113, -0.06707006691252873, -0.020082072600436998, -0.022274358145947155, -0.15314327196978858, 0.6200238139711128, 0.010738276598110979, 0.0026167592326231813, 0.07778265578199414, 0.21392537971005368, -0.45896279953725916, 0.477015035887719
-0.0015176465268189265, -0.020458544809766093, -0.11248081651399465, -0.6507984881073868, -0.12030548800040183, 0.08341073521904903, -0.06843886839310416, -0.2656914027127928, 0.2797966239488408, -0.0701793033058927, 0.18151285564244, -0.0123816223850755, -0.019876672792638963, -0.28593684598864727, -0.031661879541533704, -0.025806002139632828, -0.1314448680023753, -0.08907492043763847, 0.24701690503854667, -0.3536832041359336
-0.04015931496296751, -0.014715404066608153, -0.2681932845424239, -0.02953969257654336, -0.2568362789302063, -0.13649845100865435, 0.1352831396905416, 0.27624473990382664, -0.0579377534861347, -0.074991600769463, -0.03248281423749932, -0.02566034016245515, -0.16523039058069752, 0.14426577246396088, -0.015211323124288691, -0.022951196759501934, -0.002813855677218851, 0.13104163649601244, -0.20193739433115662, 0.15984580635644252
-0.10183121477613824, 0.015220460200781008, -0.5215326095024089, 0.7486969569939937, -0.38749726049717553, -0.5949424193301076, 0.49310855743476684, 1.0422413717734607, -0.4872603433193293, 0.06850110776912609, -0.2619862509296736, -0.06575006457764823, -0.3220370831746519, 0.7276748387707946, 0.02999247590442765, -0.000501611948203665, 0.15340728072107673, 0.45193747357639363, -0.6165931892048516, 0.9586076649265668

-0.7335468272240939, -0.19419507721347817, -0.38592714068190065, -0.003593983842617231
0.4355931960799559, 0.0916395909433741, 0.270735542304696, 0.1381827158104126
-0.4537627839979612, 0.8574769365298698, -0.6475572156795831, 0.2561528714604199
-0.6584787206312136, -0.09951034948459868, 0.5724630011203761, -0.9271092073366834
-0.4014321252208274, -0.03185562753788124, -0.3239814173572761, 0.8716883705498449
0.9859392325176011, -0.8579429842832473, 0.875134277041371, -0.8180489258000909
-0.3854084847650223, 0.4774235081084716, -0.8280077103457464, 0.1641875070997667
0.7422709040643093, -1.1462948852797232, 1.2309424472510486, -1.1703430115709996
-0.6700134809681718, -0.7861296672312544, -0.8377637580740099, -0.6229345383750345
0.8563606216543211, 0.5284595086634979, -0.4304429481465458, -0.47318386351242775
-0.850892015932477, 0.05449874487175392, -0.126790602710816, 1.521437997659583
0.49922482680764724, -0.03678722955837976, 0.08268342390488063, 0.3910214294057485
0.6858446058087013, -0.46357331847013444, -0.3348005360906526, -0.1507168662862921
-0.7356423379129959, -0.19430601136664097, 0.5093068998034437, -0.3850935106436213
0.3889530397569162, 0.19794696884986795, 0.21850547771908457, 0.044528186831706174
0.36556558419214, 0.07378145016690964, 0.3213673496226914, 0.20671830103673905
0.0623002047196579, 0.07812312908383735, 0.11296127724171358, -0.5651007446003572
-0.4629850180297984, 0.524036048507993, -0.15848703360716931, -0.21325753726934896
0.9089091360738687, -0.8077249331451031, -0.22110931292399258, 0.3697711140220218
-1.078665492339029, 1.0800425672689336, -0.7826343249631721, 0.5511023274450016